Amway WTO Planning Data Report,,,,,,,,,,,,,,,,,,,,,,,,,,,,,,,,,,,,,,,,,,,,,,,
,,,,,,,,,,,,,,,,,,,,,,,,,,,,,,,,,,,,,,,,,,,,,,,
Operating Unit:,TH_OU_105,,,,,,,,,,,,,,,,,,,,,,,,,,,,,,,,,,,,,,,,,,,,,,
Request ID,523619791   ,,,,,,,,,,,,,,,,,,,,,,,,,,,,,,,,,,,,,,,,,,,,,,
Inventory Org:    ,ALL,,,,,,,,,,,,,,,,,,,,,,,,,,,,,,,,,,,,,,,,,,,,,,
Item from:,,Item to:,,,,,,,,,,,,,,,,,,,,,,,,,,,,,,,,,,,,,,,,,,,,,
Include items with zero values:,NO,,,,,,,,,,,,,,,,,,,,,,,,,,,,,,,,,,,,,,,,,,,,,,
,,,,,,,,,,,,,,,,,,,,,,,,,,,,,,,,,,,,,,,,,,,,,,,
,,,,,,,,,,,,,,,,,,,,,,,,,,,,,,,,,,,,,,,,,,,,,,,
Item,Oracle Item,Item Revision,Item Description,Warehouse,Sales (Month to Date),Balance Available (Minus Unshipped ISO & all ABO Orders),Balance Available (Minus Unshipped ISO & Paid ABO Orders),EA in Pallet,Net Weight,EA in Multipack,Pending Receiving WTO Qty,In-Transit WTO Qty,Open PO Qty,Local Flag,MTD PO/IR Receipts Qty,Positive MTD Adj Qty,Negative MTD Adj Qty,Expense Line MTD Qty,Yesterday ABO Shipped Qty,Mortgaged ABO Qty,Mortgaged ABO Qty PAID,Mortgaged ABO Qty UNPAID,BackOrdered ABO Order Qty,Mortgaged WTO Qty,Subinventory PICKLINE Qty,Subinventory XREWK Qty,Subinventory TEST Qty,Subinventory ABGIL Qty,Subinventory STORAGE Qty,Subinventory STAGING Qty,Subinventory DAMAGE Qty,Subinventory BONDED Qty,Subinventory NIR Qty,Subinventory RIR Qty,Subinventory OVERLABEL Qty,Order Fixed Qty,Mortgaged work order Qty,In-transit Qurantine Qty,In-transit Xrework Qty,In-transit Approved Qty,Total In-transit Qty,Reference Old SKU,Subinventory HOLD Qty,Subinventory DISPLAY Qty,Subinventory CAFE Qty,Subinventory REPAIR Qty,Subinventory VARIANCE Qty
100186TH,100186TH,0,ESPRING RPL FILTER/UVLAMP TH,W39,0,0,0,168,0.948008116,6,1,0,0,N,0,0,0,0,0,0,0,0,0,1,0,0,0,0,0,0,0,0,0,0,0,,0,0,0,0,0,,0,0,0,0,0
100186TH5,100186TH,5,ESPRING RPL FILTER/UVLAMP TH,W49,0,0,0,168,0.948008116,6,0,0,0,N,0,0,0,0,0,0,0,0,0,0,0,0,1,0,0,0,0,0,0,0,0,,0,0,0,0,0,,0,0,0,0,0
100186TH6,100186TH,6,ESPRING RPL FILTER/UVLAMP TH,W09,47,106,0,168,0.948008116,6,0,0,0,N,66,0,0,0,4,1,0,0,0,0,107,0,0,0,0,0,0,0,0,0,0,,0,0,0,0,0,,0,0,0,0,0
100186TH6,100186TH,6,ESPRING RPL FILTER/UVLAMP TH,W45,277,200,0,168,0.948008116,6,0,0,0,N,336,0,0,0,13,3,0,0,0,0,203,0,0,0,0,0,0,0,0,0,0,,0,0,0,0,0,,6,0,0,0,0
100186TH6,100186TH,6,ESPRING RPL FILTER/UVLAMP TH,W10,42,101,0,168,0.948008116,6,0,0,0,N,72,0,0,0,2,0,0,0,0,0,101,0,0,0,0,0,0,0,0,0,0,,0,0,0,0,0,,0,0,0,0,0
100186TH6,100186TH,6,ESPRING RPL FILTER/UVLAMP TH,W26,40,57,0,168,0.948008116,6,0,0,0,N,48,0,0,0,1,0,0,0,0,0,57,0,0,0,0,0,0,0,0,0,0,,0,0,0,0,0,,0,0,0,0,0
100186TH6,100186TH,6,ESPRING RPL FILTER/UVLAMP TH,W24,30,88,0,168,0.948008116,6,1,0,0,N,58,0,0,0,4,0,0,0,0,0,88,0,0,0,0,0,0,0,0,0,0,,0,0,0,0,0,,0,0,0,0,0
100186TH6,100186TH,6,ESPRING RPL FILTER/UVLAMP TH,W47,9,37,0,168,0.948008116,6,0,0,0,N,12,0,0,0,0,0,0,0,0,0,37,0,0,0,0,0,0,0,0,0,0,,0,0,0,0,0,,0,0,0,0,0
100186TH6,100186TH,6,ESPRING RPL FILTER/UVLAMP TH,W18,41,92,0,168,0.948008116,6,0,0,0,N,58,0,0,1,3,1,0,0,0,0,93,0,0,0,0,0,0,0,0,0,0,,0,0,0,0,0,,0,0,0,0,0
100186TH6,100186TH,6,ESPRING RPL FILTER/UVLAMP TH,W29,15,37,0,168,0.948008116,6,0,1,0,N,15,0,0,0,1,0,0,0,0,0,37,0,0,0,0,0,0,0,0,0,0,,0,0,0,1,1,,0,0,0,0,0
100186TH6,100186TH,6,ESPRING RPL FILTER/UVLAMP TH,W75,6,12,0,168,0.948008116,6,0,3,0,N,4,0,0,0,0,0,0,0,0,0,12,0,0,0,0,0,0,0,0,0,0,,0,0,0,3,3,,0,0,0,0,0
100186TH6,100186TH,6,ESPRING RPL FILTER/UVLAMP TH,W36,9,35,0,168,0.948008116,6,0,12,0,N,18,0,0,0,1,0,0,0,0,0,35,0,0,0,0,0,0,0,0,0,0,,0,0,0,12,12,,1,0,0,0,0
100186TH6,100186TH,6,ESPRING RPL FILTER/UVLAMP TH,W55,9,34,0,168,0.948008116,6,0,0,0,N,20,0,0,0,2,0,0,0,0,0,34,0,0,0,0,0,0,0,0,0,0,,0,0,0,0,0,,0,0,0,0,0
100186TH6,100186TH,6,ESPRING RPL FILTER/UVLAMP TH,W78,15,31,0,168,0.948008116,6,0,0,0,N,30,0,0,0,1,0,0,0,0,0,31,0,0,0,0,0,0,0,0,0,0,,0,0,0,0,0,,0,0,0,2,0
100186TH6,100186TH,6,ESPRING RPL FILTER/UVLAMP TH,W53,22,63,0,168,0.948008116,6,0,24,0,N,20,0,0,0,1,0,0,0,0,0,63,0,0,0,0,0,0,0,0,0,0,,0,0,0,24,24,,0,0,0,0,0
100186TH6,100186TH,6,ESPRING RPL FILTER/UVLAMP TH,W56,21,24,0,168,0.948008116,6,0,12,0,N,24,0,0,0,1,0,0,0,0,0,24,0,0,0,0,0,0,0,0,0,0,,0,0,0,12,12,,0,0,0,0,0
100186TH6,100186TH,6,ESPRING RPL FILTER/UVLAMP TH,W79,9,15,0,168,0.948008116,6,0,0,0,N,9,0,0,0,0,0,0,0,0,0,15,0,0,0,0,0,0,0,0,0,0,,0,0,0,0,0,,0,0,0,0,0
100186TH6,100186TH,6,ESPRING RPL FILTER/UVLAMP TH,W74,5,19,0,168,0.948008116,6,0,0,0,N,8,0,0,0,0,0,0,0,0,0,19,0,0,0,0,0,0,0,0,0,0,,0,0,0,0,0,,0,0,0,0,0
100186TH6,100186TH,6,ESPRING RPL FILTER/UVLAMP TH,W28,12,37,0,168,0.948008116,6,0,0,0,N,12,0,0,1,1,0,0,0,0,0,37,0,0,0,0,0,0,0,0,0,0,,0,0,0,0,0,,0,0,0,0,0
100186TH6,100186TH,6,ESPRING RPL FILTER/UVLAMP TH,W77,24,26,0,168,0.948008116,6,0,12,0,N,5,0,0,0,2,0,0,0,0,0,26,0,0,0,0,0,0,0,0,0,0,,0,0,0,12,12,,0,0,0,0,0
100186TH6,100186TH,6,ESPRING RPL FILTER/UVLAMP TH,W11,174,349,0,168,0.948008116,6,42,0,0,N,156,0,0,1,8,2,0,0,0,0,351,0,0,0,0,0,0,0,0,0,0,,0,0,0,0,0,,0,0,0,0,0
100186TH6,100186TH,6,ESPRING RPL FILTER/UVLAMP TH,WA1,738,17987,0,168,0.948008116,6,0,0,18984,N,0,2849,0,4,88,4,0,0,0,151,18142,138,24948,0,0,0,0,0,0,0,0,,0,0,4,0,4,,0,0,0,0,0
100186TH6,100186TH,6,ESPRING RPL FILTER/UVLAMP TH,W19,35,47,0,168,0.948008116,6,0,1,0,N,45,1,0,0,3,0,0,0,0,0,47,1,0,2,0,0,0,0,0,0,0,,0,0,1,1,2,,0,0,0,0,0
100186TH6,100186TH,6,ESPRING RPL FILTER/UVLAMP TH,W21,20,29,0,168,0.948008116,6,0,0,0,N,14,0,0,1,2,0,0,0,0,0,29,0,0,0,0,0,0,0,0,0,0,,0,0,0,0,0,,0,0,0,0,0
100186TH6,100186TH,6,ESPRING RPL FILTER/UVLAMP TH,W17,38,97,0,168,0.948008116,6,0,30,0,N,60,0,0,0,2,0,0,0,0,0,97,0,0,0,0,0,0,0,0,0,0,,0,0,0,30,30,,0,0,0,0,0
100186TH6,100186TH,6,ESPRING RPL FILTER/UVLAMP TH,W83,3,23,0,168,0.948008116,6,0,0,0,N,12,0,0,0,0,0,0,0,0,0,23,0,0,0,0,0,0,0,0,0,0,,0,0,0,0,0,,0,0,0,0,0
100186TH6,100186TH,6,ESPRING RPL FILTER/UVLAMP TH,W52,27,73,0,168,0.948008116,6,0,0,0,N,23,0,0,0,3,0,0,0,0,0,73,0,0,0,0,0,0,0,0,0,0,,0,0,0,0,0,,0,0,0,0,0
100186TH6,100186TH,6,ESPRING RPL FILTER/UVLAMP TH,W13,74,193,0,168,0.948008116,6,0,36,0,N,121,0,0,2,4,1,0,0,0,0,194,0,0,0,0,0,0,0,0,0,0,,0,0,0,36,36,,0,0,0,0,0
100186TH6,100186TH,6,ESPRING RPL FILTER/UVLAMP TH,W14,70,123,0,168,0.948008116,6,0,12,0,N,108,0,0,0,4,1,0,0,0,0,124,1,0,0,0,0,0,0,0,0,0,,0,0,0,12,12,,0,0,0,0,0
100186TH6,100186TH,6,ESPRING RPL FILTER/UVLAMP TH,W03,221,299,0,168,0.948008116,6,0,54,0,N,366,0,0,0,11,4,0,0,0,0,303,0,0,0,0,0,0,0,0,0,0,,0,0,0,54,54,,0,0,0,0,0
100186TH6,100186TH,6,ESPRING RPL FILTER/UVLAMP TH,W02,92,183,0,168,0.948008116,6,0,0,0,N,114,0,0,0,8,1,0,0,0,0,184,0,0,0,0,0,0,0,0,0,0,,0,0,0,0,0,,0,0,0,0,0
100186TH6,100186TH,6,ESPRING RPL FILTER/UVLAMP TH,W80,4,34,0,168,0.948008116,6,0,0,0,N,14,0,0,0,0,2,0,0,0,0,36,0,0,0,0,0,0,0,0,0,0,,0,0,0,0,0,,0,0,0,0,0
100186TH6,100186TH,6,ESPRING RPL FILTER/UVLAMP TH,W84,0,16,0,168,0.948008116,6,0,0,0,N,6,0,0,0,0,0,0,0,0,0,16,0,0,0,0,0,0,0,0,0,0,,0,0,0,0,0,,0,0,0,0,0
100186TH6,100186TH,6,ESPRING RPL FILTER/UVLAMP TH,W69,10,31,0,168,0.948008116,6,0,0,0,N,13,0,0,0,1,0,0,0,0,0,31,0,0,0,0,0,0,0,0,0,0,,0,0,0,0,0,,0,0,0,0,0
100186TH6,100186TH,6,ESPRING RPL FILTER/UVLAMP TH,W41,205,71,0,168,0.948008116,6,0,72,0,N,139,0,0,0,7,1,0,0,0,0,72,0,0,0,0,0,0,0,0,0,0,,0,0,0,72,72,,0,0,0,6,0
100186TH6,100186TH,6,ESPRING RPL FILTER/UVLAMP TH,W42,159,268,0,168,0.948008116,6,0,0,0,N,246,0,0,0,9,2,0,0,0,0,270,2,0,0,0,0,0,0,0,0,0,,0,0,0,0,0,,7,0,0,0,0
100186TH6,100186TH,6,ESPRING RPL FILTER/UVLAMP TH,W70,29,79,0,168,0.948008116,6,0,0,0,N,29,0,0,0,2,0,0,0,0,0,79,0,0,0,0,0,0,0,0,0,0,,0,0,0,0,0,,0,0,0,0,0
100186TH6,100186TH,6,ESPRING RPL FILTER/UVLAMP TH,W51,6,26,0,168,0.948008116,6,0,4,0,N,16,0,0,0,0,1,0,0,0,0,27,0,0,0,0,0,0,0,0,0,0,,0,0,0,4,4,,0,0,0,0,0
100186TH6,100186TH,6,ESPRING RPL FILTER/UVLAMP TH,W40,7,25,0,168,0.948008116,6,0,12,0,N,12,0,0,0,0,0,0,0,0,0,25,0,0,0,0,0,0,0,0,0,0,,0,0,0,12,12,,0,0,0,0,0
100186TH6,100186TH,6,ESPRING RPL FILTER/UVLAMP TH,W64,14,38,0,168,0.948008116,6,0,0,0,N,26,0,0,0,1,0,0,0,0,0,38,0,0,0,0,0,0,0,0,0,0,,0,0,0,0,0,,0,0,0,0,0
100186TH6,100186TH,6,ESPRING RPL FILTER/UVLAMP TH,W58,28,41,0,168,0.948008116,6,0,1,0,N,34,0,0,0,3,0,0,0,0,0,41,0,0,0,0,0,0,0,0,0,0,,0,0,0,1,1,,0,0,0,0,0
100186TH6,100186TH,6,ESPRING RPL FILTER/UVLAMP TH,W61,12,46,0,168,0.948008116,6,0,1,0,N,18,0,0,0,1,0,0,0,0,0,46,0,0,0,0,0,0,0,0,0,0,,0,0,0,1,1,,0,0,0,0,0
100186TH6,100186TH,6,ESPRING RPL FILTER/UVLAMP TH,W76,8,36,0,168,0.948008116,6,0,0,0,N,12,0,0,0,0,0,0,0,0,0,36,0,0,0,0,0,0,0,0,0,0,,0,0,0,0,0,,0,0,0,0,0
100186TH6,100186TH,6,ESPRING RPL FILTER/UVLAMP TH,W48,12,29,0,168,0.948008116,6,0,0,0,N,12,0,0,0,0,0,0,0,0,0,29,0,0,0,0,0,0,0,0,0,0,,0,0,0,0,0,,0,0,0,0,0
100186TH6,100186TH,6,ESPRING RPL FILTER/UVLAMP TH,W30,203,746,0,168,0.948008116,6,6,54,0,N,2676,0,1680,1,10,8,0,0,0,1,755,0,0,0,0,0,0,0,0,0,0,,0,0,0,54,54,,0,0,0,0,0
100186TH6,100186TH,6,ESPRING RPL FILTER/UVLAMP TH,W82,3,25,0,168,0.948008116,6,0,12,0,N,18,0,0,0,0,0,0,0,0,0,25,0,0,0,0,0,0,0,0,0,0,,0,0,0,12,12,,0,0,0,0,0
100186TH6,100186TH,6,ESPRING RPL FILTER/UVLAMP TH,W57,12,48,0,168,0.948008116,6,0,0,0,N,24,0,0,0,0,0,0,0,0,0,48,0,0,0,0,0,0,0,0,0,0,,0,0,0,0,0,,0,0,0,0,0
100186TH6,100186TH,6,ESPRING RPL FILTER/UVLAMP TH,W54,9,43,0,168,0.948008116,6,0,0,0,N,24,0,0,0,0,0,0,0,0,0,43,0,0,0,0,0,0,0,0,0,0,,0,0,0,0,0,,0,0,0,0,0
100186TH6,100186TH,6,ESPRING RPL FILTER/UVLAMP TH,W08,31,80,0,168,0.948008116,6,0,2,0,N,46,0,0,0,2,0,0,0,0,0,80,0,0,0,0,0,0,0,0,0,0,,0,0,0,2,2,,1,0,0,0,0
100186TH6,100186TH,6,ESPRING RPL FILTER/UVLAMP TH,W46,6,33,0,168,0.948008116,6,0,0,0,N,24,0,0,0,0,0,0,0,0,0,33,0,0,0,0,0,0,0,0,0,0,,0,0,0,0,0,,0,0,0,0,0
100186TH6,100186TH,6,ESPRING RPL FILTER/UVLAMP TH,W73,23,16,0,168,0.948008116,6,0,6,0,N,38,0,0,0,2,0,0,0,0,0,16,0,0,0,0,0,0,0,0,0,0,,0,0,0,6,6,,0,0,0,0,0
100186TH6,100186TH,6,ESPRING RPL FILTER/UVLAMP TH,W25,39,112,0,168,0.948008116,6,12,0,0,N,74,3,0,0,1,0,0,0,0,0,112,0,0,0,0,0,0,0,0,0,0,,0,0,0,0,0,,0,0,0,0,0
100186TH6,100186TH,6,ESPRING RPL FILTER/UVLAMP TH,W07,70,191,0,168,0.948008116,6,0,0,0,N,102,0,0,0,2,1,0,0,0,0,192,1,0,0,0,0,0,0,0,0,0,,0,0,0,0,0,,0,0,0,0,0
100186TH6,100186TH,6,ESPRING RPL FILTER/UVLAMP TH,W31,125,242,0,168,0.948008116,6,0,72,0,N,187,0,0,1,8,0,0,0,0,0,242,0,0,0,0,0,0,0,0,0,0,,0,0,0,72,72,,0,0,0,0,0
100186TH6,100186TH,6,ESPRING RPL FILTER/UVLAMP TH,W12,68,132,0,168,0.948008116,6,0,0,0,N,84,0,0,0,4,0,0,0,0,0,132,1,0,0,0,0,0,0,0,0,0,,0,0,0,0,0,,0,0,0,0,0
100186TH6,100186TH,6,ESPRING RPL FILTER/UVLAMP TH,W65,8,32,0,168,0.948008116,6,0,0,0,N,25,0,0,0,0,0,0,0,0,0,32,0,0,0,0,0,0,0,0,0,0,,0,0,0,0,0,,0,0,0,1,0
,,,,,,,,,,,,,,,,,,,,34166,0,0,305,74179,14120258,344099,2851775,494,9,0,0,0,0,0,391817,0,12000,50791,44786,205639,378940,,,,,,
                                ***** End of Report ******,,,,,,,,,,,,,,,,,,,,,,,,,,,,,,,,,,,,,,,,,,,,,,,